----------30x2----------
avg : 0.976587301492691
min : 0.9285714030265808
max : 0.9960317611694336
